     0/199     1.37G   0.05585   0.01348   0.02018    0.0895         5       640   0.02666    0.2176   0.01918  0.005775   0.07804   0.01176   0.01971
     1/199     6.63G    0.0537   0.01252   0.01952   0.08573         7       640    0.1436   0.07042   0.08171    0.0375   0.07116   0.01048   0.01902
     2/199     8.28G   0.04682   0.01121   0.01651   0.07454         7       640    0.3975    0.1548     0.171   0.08492   0.07087  0.008458   0.01765
     3/199     8.28G   0.04442  0.009809   0.01488    0.0691         7       640    0.7331    0.3852    0.2937    0.1628   0.07115  0.006815   0.01583
     4/199     8.28G    0.0463  0.008737   0.01403   0.06906         9       640    0.4808    0.3786    0.2662    0.1136   0.06961  0.006233   0.01368
     5/199     8.28G   0.04851  0.008348   0.01432   0.07117         6       640    0.5044    0.4568    0.3204    0.1897   0.05956  0.006344   0.01358
     6/199     8.28G   0.04888  0.007964   0.01238   0.06923         6       640    0.4759    0.4762    0.3031    0.1564   0.06658  0.005494   0.01272
     7/199     8.28G   0.05445  0.008134   0.01232   0.07491         6       640    0.3987    0.2457    0.1568   0.06853   0.07106  0.005932    0.0116
     8/199     8.28G   0.05565  0.008249   0.01299   0.07689         6       640    0.1238    0.3735    0.1731   0.04896   0.07524  0.004828   0.01124
     9/199     8.28G   0.05413  0.007598   0.01119   0.07292         9       640    0.4552     0.533    0.2901    0.1668   0.07231  0.005895   0.01137
    10/199     8.28G   0.05352  0.007787   0.01261   0.07391         6       640    0.4667    0.4253    0.2779    0.1348   0.06859  0.004915   0.01187
    11/199     8.28G   0.05398  0.007939   0.01142   0.07334        10       640    0.7176    0.2357    0.2359    0.1492   0.06438  0.005948   0.01229
    12/199     8.28G   0.04938  0.007684   0.01035   0.06741         4       640    0.6441    0.2589    0.1535   0.04635   0.06707  0.005563   0.01104
    13/199     8.28G   0.05296  0.008153   0.01103   0.07215         9       640    0.3312    0.1327   0.07723   0.02765    0.0768  0.005562     0.012
    14/199     8.28G   0.05533  0.007924    0.0127   0.07596         9       640     0.719    0.3726    0.2959    0.1422   0.06324  0.005292   0.01052
    15/199     8.28G   0.04918  0.008432   0.01063   0.06824         6       640     0.498    0.5387     0.322    0.1996   0.05697   0.00554   0.01117
    16/199     8.28G    0.0488  0.008421   0.01078   0.06799         4       640    0.7195    0.4036    0.2907    0.1732    0.0533  0.006137   0.01099
    17/199     8.28G   0.04549   0.00889  0.009721    0.0641         9       640     0.754    0.3637    0.3039    0.1639     0.063  0.005777   0.01076
    18/199     8.28G   0.04538  0.008499  0.009813    0.0637         7       640    0.4922    0.4265    0.2652    0.1449   0.06599  0.006148   0.01098
    19/199     8.28G   0.04819  0.008441   0.00995   0.06658         8       640    0.3574    0.4435    0.1136    0.0343   0.06846  0.005997   0.01097
    20/199     8.28G   0.04952   0.00745  0.009997   0.06696         7       640    0.6764    0.1214    0.1259   0.05071   0.05667  0.006412  0.009344
    21/199     8.28G   0.04619  0.008206   0.01023   0.06462         8       640   0.09265    0.3973   0.09896   0.03668   0.06373  0.006722  0.009517
    22/199     8.28G   0.04804  0.008201   0.01008   0.06632        10       640    0.4494    0.5387    0.2636    0.1406   0.06562  0.005728  0.009331
    23/199     8.28G   0.04122  0.007644   0.00961   0.05848         5       640     0.563    0.5074    0.2739    0.1538   0.05717  0.006048  0.009464
    24/199     8.28G   0.04733   0.00775   0.00867   0.06375         5       640    0.4469    0.6318    0.3126    0.1893   0.05094   0.00596  0.009245
    25/199     8.28G   0.04217  0.007916  0.008778   0.05887         6       640    0.7166     0.428    0.3281    0.2349   0.05012  0.005871  0.009052
    26/199     8.28G    0.0411  0.008131  0.008757   0.05799        10       640    0.5831    0.5268    0.3855    0.2405   0.05299  0.005633  0.008691
    27/199     8.28G   0.04009  0.007728  0.008523   0.05634         7       640    0.6045    0.6637    0.4986    0.3177   0.05506  0.005227  0.008266
    28/199     8.28G   0.03744  0.007272   0.01045   0.05516         9       640    0.5029    0.6287    0.3837    0.2833   0.05536  0.005705  0.008935
    29/199     8.28G   0.03866  0.007386  0.007849   0.05389         9       640    0.6666    0.6298    0.4447    0.2939   0.06065  0.004839  0.008924
    30/199     8.28G   0.04071  0.007505  0.007795   0.05601         9       640     0.556    0.5774    0.3646    0.2536    0.0571  0.005145  0.008007
    31/199     8.28G   0.04063  0.007751  0.007703   0.05608        10       640    0.5425    0.6443    0.3798    0.2735    0.0537  0.004987  0.007673
    32/199     8.28G   0.03562  0.007526  0.007548    0.0507        10       640    0.4933    0.4881    0.3477    0.2312   0.05183  0.005588   0.00724
    33/199     8.28G     0.038  0.007642  0.007664   0.05331         7       640    0.4718    0.5938     0.334    0.2334   0.05443  0.004607  0.007904
    34/199     8.28G   0.03802  0.007103  0.007504   0.05263        10       640    0.2773    0.5843    0.3198    0.2016   0.05628  0.004874  0.008476
    35/199     8.28G   0.03333  0.007173  0.006841   0.04734         7       640    0.3736    0.6218    0.3994    0.2404   0.05055   0.00594  0.006754
    36/199     8.28G   0.04144  0.007509  0.007245    0.0562         6       640    0.6119    0.5699    0.4379    0.3071   0.04859  0.005891  0.007251
    37/199     8.28G   0.04274  0.007011  0.006975   0.05673        10       640    0.5753    0.6132    0.4512     0.334   0.05131   0.00542  0.007068
    38/199     8.28G   0.04396  0.007424  0.007087   0.05847        11       640    0.6116    0.6125    0.5527    0.4061    0.0509  0.005272  0.006333
    39/199     8.28G   0.03512  0.007006  0.006595   0.04872         5       640    0.6649    0.5818    0.5764    0.4152   0.05053  0.005297  0.005997
    40/199     8.28G   0.03607  0.007821  0.006589   0.05047        10       640    0.6504     0.625    0.5042    0.3866   0.04954  0.005354  0.005706
    41/199     8.28G   0.03825   0.00731  0.006336    0.0519        10       640    0.9503    0.4566    0.5455    0.4278    0.0491  0.005197   0.00578
    42/199     8.28G   0.04008  0.007589  0.005659   0.05333         6       640    0.9375    0.4164    0.5116    0.3842   0.04886  0.005274   0.00636
    43/199     8.28G   0.04198  0.007248  0.006544   0.05577         5       640    0.9867     0.407    0.5672    0.3964   0.04815  0.005441  0.005039
    44/199     8.28G   0.03469  0.007137  0.005014   0.04684        10       640    0.8498    0.5501    0.6095    0.4378   0.04742  0.005291   0.00441
    45/199     8.28G   0.03946  0.007239  0.005922   0.05262         6       640    0.8329    0.5381     0.516    0.3762   0.04963  0.005429  0.005901
    46/199     8.28G   0.03623  0.006808  0.007102   0.05014         7       640    0.9576    0.4405    0.5441    0.4048   0.05135  0.005302  0.005265
    47/199     8.28G   0.03681  0.007142  0.005409   0.04937         8       640     0.555    0.6733    0.5031    0.3638   0.05191  0.005206  0.006015
    48/199     8.28G   0.03635  0.007063  0.007741   0.05115        10       640    0.3697    0.6188     0.489    0.3556   0.05068  0.005308  0.005779
    49/199     8.28G   0.03542   0.00722  0.007116   0.04976         4       640    0.8138    0.6317    0.6045    0.4402    0.0552  0.004895  0.005319
    50/199     8.28G   0.04096  0.007449  0.005488    0.0539         9       640    0.9318    0.5693    0.6296    0.4723   0.05857  0.004908  0.006407
    51/199     8.28G    0.0354  0.006923  0.005405   0.04773         9       640    0.6774    0.6324    0.6099    0.4628   0.05958   0.00477  0.006644
    52/199     8.28G   0.03657  0.006932  0.005848   0.04935        10       640     0.649    0.4999    0.5207    0.3903   0.06012  0.004753  0.007661
    53/199     8.28G    0.0338  0.007095  0.004577   0.04548         5       640     0.758    0.5268    0.5603    0.4443   0.06167  0.004748  0.006668
    54/199     8.28G   0.02976  0.006961  0.004835   0.04156         6       640    0.7055    0.5387    0.5419    0.4461   0.06009  0.005006   0.00654
    55/199     8.28G   0.03534  0.007051  0.006257   0.04865         7       640    0.6935    0.5699    0.5766    0.4518   0.06105  0.004712  0.006613
    56/199     8.28G   0.03459  0.006669  0.005427   0.04669         5       640    0.7568    0.6086    0.6162    0.4777   0.06195  0.004435  0.007756
    57/199     8.28G   0.03426   0.00695  0.006155   0.04737         4       640    0.7858     0.615    0.6168    0.4708   0.06228  0.004736  0.008314
    58/199     8.28G   0.03655  0.007365  0.004828   0.04874        14       640    0.7985     0.558    0.5823    0.4448   0.06132  0.004783  0.007915
    59/199     8.28G   0.03212  0.006484  0.006603    0.0452         9       640    0.8116    0.6012    0.6292    0.4938   0.06089  0.004663  0.007566
    60/199     8.28G   0.03308  0.006776  0.005211   0.04506        11       640    0.9383    0.5893    0.6629    0.5286   0.06024  0.004563  0.007965
    61/199     8.28G   0.03515  0.006953  0.004623   0.04673         9       640     0.892    0.5862    0.6455    0.4978   0.06002  0.004751  0.008615
    62/199     8.28G   0.03312  0.007048  0.005626   0.04579        11       640     0.961    0.4676    0.5831    0.4506    0.0607  0.005039  0.009404
    63/199     8.28G   0.03196  0.007196  0.005198   0.04436         9       640    0.5042    0.6227    0.6103    0.4738   0.06032   0.00517   0.00886
    64/199     8.28G   0.03552  0.007077  0.005236   0.04783         8       640    0.9379    0.6131    0.6758    0.4933   0.06079  0.005058  0.008608
    65/199     8.28G    0.0333  0.007091   0.00531    0.0457         7       640    0.8163    0.5995     0.618    0.4929   0.05911   0.00487  0.009256
    66/199     8.28G   0.03575  0.007123  0.004413   0.04729         7       640    0.8013     0.558    0.6134    0.4661   0.05749  0.005321  0.008634
    67/199     8.28G   0.03487  0.006897  0.006519   0.04829         7       640    0.7175    0.6609    0.6746    0.5084   0.05723  0.005104  0.009233
    68/199     8.28G   0.03356  0.006763  0.004853   0.04518         7       640    0.4437    0.7531    0.6786    0.5126   0.05595  0.005149  0.008553
    69/199     8.28G   0.03814  0.006878  0.004805   0.04982         5       640    0.5288    0.6847    0.6125    0.4815   0.05538  0.005159  0.008567
    70/199     8.28G   0.03867  0.006667  0.005665     0.051         6       640    0.8948    0.6488    0.6922    0.5493   0.05618  0.004995  0.009052
    71/199     8.28G   0.03519  0.006965  0.004463   0.04661         9       640    0.9183    0.7068    0.7123    0.5485   0.05687  0.005064  0.008628
    72/199     8.28G   0.03552  0.006952  0.004112   0.04658         8       640     0.569    0.7034    0.6489    0.4913   0.05699  0.005156  0.008651
    73/199     8.28G   0.03581  0.006994   0.00339    0.0462         7       640    0.6383    0.6215    0.6166    0.4488   0.05705  0.005275  0.008375
    74/199     8.28G   0.03575  0.007053  0.004127   0.04694         7       640    0.8434    0.5923    0.6145    0.4378   0.05749  0.005207  0.008177
    75/199     8.28G   0.03597  0.007359  0.003531   0.04686         9       640    0.7929     0.625    0.6265    0.4661   0.05724   0.00506  0.008172
    76/199     8.28G   0.03048   0.00691  0.004364   0.04175         3       640    0.7702    0.6756    0.6349    0.4674   0.05745  0.005014  0.009045
    77/199     8.28G    0.0352  0.006957  0.005666   0.04782        10       640    0.8163    0.5747    0.5895    0.4263   0.05742  0.005027  0.009913
    78/199     8.28G   0.03519  0.006845  0.003445   0.04548         7       640    0.6715    0.6875    0.5804    0.4419   0.05772  0.004955  0.009682
    79/199     8.28G   0.03339  0.006868  0.004463   0.04472         7       640    0.7375    0.6205    0.5688    0.4331   0.05817  0.004866   0.01043
    80/199     8.28G   0.03443  0.006583  0.004301   0.04531         8       640    0.4421    0.6397    0.5789    0.4359    0.0592  0.004886    0.0104
    81/199     8.28G   0.03372  0.006619  0.004896   0.04524         9       640     0.585    0.6968    0.6386    0.4632    0.0595  0.004876  0.009292
    82/199     8.28G   0.03282  0.006948  0.004259   0.04403         6       640    0.5701    0.6849    0.6565    0.4831   0.05917  0.004786  0.008975
    83/199     8.28G   0.03363  0.006914  0.004125   0.04467         7       640    0.8328    0.6545     0.652    0.4878   0.06021  0.004619  0.009171
    84/199     8.28G   0.03145  0.006659  0.004886     0.043         7       640    0.4822    0.6552    0.6118    0.4725   0.06038  0.004657  0.009587
    85/199     8.28G   0.03178  0.006841   0.00454   0.04316         7       640    0.8095    0.5387    0.5714      0.45    0.0588  0.004806  0.009949
    86/199     8.28G   0.03175  0.006676  0.003844   0.04227         7       640    0.5947    0.6216    0.6218    0.4838   0.05682  0.005083  0.009538
    87/199     8.28G   0.03525  0.006903  0.005474   0.04763         8       640    0.5742    0.6518    0.6319    0.4857   0.05597  0.005325  0.009812
    88/199     8.28G   0.03736  0.007133  0.006155   0.05065        10       640    0.5292    0.6205    0.6421      0.49   0.05601  0.005345   0.01003
    89/199     8.28G   0.03314  0.006791  0.004789   0.04472         5       640    0.7504    0.6707    0.6105    0.4747   0.05677   0.00502   0.01011
    90/199     8.28G   0.03526  0.006843  0.004117   0.04622         9       640    0.9729    0.5592    0.6548    0.5031   0.05674  0.004943   0.01007
    91/199     8.28G   0.03464  0.006848  0.003958   0.04545         7       640    0.6039    0.6541    0.6429    0.4951   0.05553  0.004944    0.0101
    92/199     8.28G   0.03443  0.007086  0.004659   0.04618         8       640    0.6689     0.688    0.6702    0.5015   0.05653  0.004789   0.01017
    93/199     8.28G   0.03525  0.006607  0.004361   0.04622         5       640    0.5508    0.7184    0.6449     0.502   0.05746  0.004601   0.01065
    94/199     8.28G    0.0321  0.006782  0.004702   0.04358         6       640     0.574    0.6634    0.6375    0.5009   0.05767  0.004842   0.01037
    95/199     8.28G   0.03916  0.006843  0.004994     0.051         3       640     0.607    0.7361    0.6612    0.5258   0.05749  0.004902   0.01012
    96/199     8.28G    0.0337  0.006647  0.004501   0.04484         7       640      0.56     0.769     0.653    0.5258   0.05635  0.005009   0.01028
    97/199     8.28G   0.03369  0.006962  0.004076   0.04473         8       640    0.5445    0.6814    0.6407      0.51   0.05492  0.004951  0.009997
    98/199     8.28G   0.03232  0.006589   0.00498   0.04389         6       640    0.5465    0.6649    0.6239    0.4844   0.05587   0.00499  0.009909
    99/199     8.28G   0.03373  0.006735  0.003501   0.04397        11       640    0.5668     0.625     0.622    0.5018   0.05644  0.004967   0.01015
   100/199     8.28G   0.03428  0.006101  0.004347   0.04473         5       640    0.5436    0.6534    0.6416    0.5129   0.05725  0.004949   0.01039
   101/199     8.28G   0.03727  0.006681  0.003458   0.04741         5       640     0.566    0.6324    0.6487    0.5198    0.0585  0.004809   0.01052
   102/199     8.28G   0.03311  0.006898  0.003867   0.04387         7       640    0.6024    0.6324    0.6553    0.5208    0.0577  0.004803   0.01036
   103/199     8.28G    0.0294   0.00618  0.004791   0.04037         6       640    0.5813    0.6911    0.6588    0.5281   0.05678  0.004965    0.0102
   104/199     8.28G   0.03449  0.007097  0.003755   0.04535         7       640    0.8896    0.6012    0.6629     0.529   0.05659  0.005054   0.01004
   105/199     8.28G   0.03112  0.006561  0.003606   0.04129         5       640    0.5959    0.7007    0.6816    0.5238   0.05684  0.005033   0.01014
   106/199     8.28G   0.03253  0.006678  0.004482   0.04369         8       640    0.5687    0.7438    0.6982    0.5467   0.05627  0.004905    0.0105
   107/199     8.28G   0.03343  0.006657  0.004407    0.0445         7       640    0.9405    0.6412    0.7058    0.5481   0.05556  0.004795  0.009642
   108/199     8.28G   0.03584  0.006808  0.005204   0.04785        12       640    0.6275    0.6298    0.6628    0.5071   0.05684  0.004548   0.01058
   109/199     8.28G   0.03771  0.006696  0.005003   0.04941         3       640    0.6233     0.661    0.6764    0.5029    0.0593  0.004598   0.01035
   110/199     8.28G   0.03471  0.006682  0.005075   0.04646         6       640    0.6553    0.6399    0.6892    0.5055    0.0599  0.004651   0.01013
   111/199     8.28G   0.03416  0.006771  0.004851   0.04578         7       640    0.6355    0.6399    0.6924    0.5246   0.05966   0.00468   0.01007
   112/199     8.28G    0.0334  0.006468  0.005296   0.04517        10       640    0.5981    0.6518    0.7059    0.5584   0.05872  0.004605  0.009859
   113/199     8.28G   0.03092  0.006724  0.005328   0.04297         6       640    0.6138    0.7132    0.6859    0.5337   0.05632  0.004731  0.009274
   114/199     8.28G   0.03318  0.007066    0.0052   0.04545         9       640    0.6138    0.6325    0.6858    0.5219    0.0561  0.004599   0.01049
   115/199     8.28G   0.02901  0.006907  0.003659   0.03957        10       640     0.741    0.6703    0.6941    0.5386   0.05683    0.0046   0.01122
   116/199     8.28G   0.03081   0.00669  0.003853   0.04136         3       640    0.6335    0.7201    0.6821    0.5083   0.05633  0.004747    0.0105
   117/199     8.28G   0.03263  0.006668  0.004056   0.04335        10       640    0.6545    0.6038    0.6842    0.5257   0.05634  0.004672  0.009934
   118/199     8.28G    0.0328  0.006563  0.005078   0.04444         6       640    0.8949    0.5659    0.6483    0.5011   0.05664  0.004736  0.009596
   119/199     8.28G   0.03128  0.006717  0.004117   0.04211         8       640    0.5156    0.7614    0.6448    0.5154   0.05615  0.004683  0.009398
   120/199     8.28G   0.03212  0.006709    0.0051   0.04393         6       640    0.5323    0.7558    0.6538    0.5123   0.05562   0.00498  0.009304
   121/199     8.28G   0.03207   0.00674  0.004451   0.04326         9       640    0.5266    0.7986    0.6517    0.5067   0.05577  0.005185   0.00931
   122/199     8.28G   0.03036  0.006766  0.004192   0.04132         6       640      0.51    0.7773    0.6477    0.5006   0.05604  0.005175  0.009758
   123/199     8.28G   0.03011   0.00644  0.003899   0.04045        10       640     0.555    0.6787    0.6378    0.4812   0.05627  0.005284   0.01051
   124/199     8.28G   0.03082  0.006561   0.00386   0.04124         8       640    0.5698    0.6949    0.6658    0.5108   0.05708   0.00501   0.01065
   125/199     8.28G   0.03075  0.006084  0.003894   0.04073         6       640    0.5922    0.6975    0.6784    0.5254   0.05726  0.004856    0.0106
   126/199     8.28G   0.02898   0.00663  0.003351   0.03896         7       640     0.607    0.6631    0.6869    0.5347   0.05667  0.004895   0.01029
   127/199     8.28G   0.03102  0.006686  0.002959   0.04067         8       640    0.6625    0.6922    0.6794    0.5299   0.05611  0.004854   0.00999
   128/199     8.28G   0.03022  0.006579   0.00409   0.04089         8       640    0.5898     0.708    0.6451    0.5037   0.05611   0.00491   0.01011
   129/199     8.28G   0.02998  0.006553  0.003747   0.04028         9       640    0.5446    0.7312    0.6505    0.5156   0.05618  0.004913   0.01071
   130/199     8.28G   0.03033   0.00645  0.002965   0.03974        11       640    0.5697    0.7125    0.6683    0.5148   0.05614  0.004908   0.01096
   131/199     8.28G   0.03146  0.006807  0.003918   0.04219         6       640     0.649    0.6189    0.6449    0.4988   0.05634  0.004962   0.01119
   132/199     8.28G   0.03211  0.006813  0.003079     0.042        14       640    0.5936    0.6162    0.6389    0.4925   0.05771  0.004905   0.01102
   133/199     8.28G   0.03042  0.006551  0.003981   0.04095         5       640    0.6233    0.6594    0.6584     0.506   0.05722  0.004924   0.01038
   134/199     8.28G   0.03263  0.006833  0.004023   0.04348        10       640    0.6603    0.6619      0.67    0.5165   0.05638  0.004961  0.009716
   135/199     8.28G   0.03103  0.006394  0.003593   0.04101        10       640    0.5569    0.7624    0.6621    0.5051   0.05653  0.004966   0.01028
   136/199     8.28G   0.02815  0.006171   0.00277   0.03709         8       640    0.5499    0.7102     0.649    0.4931     0.056  0.004989   0.01155
   137/199     8.28G   0.02812   0.00647   0.00321    0.0378         7       640    0.5934    0.6475    0.6473     0.488    0.0552  0.005173   0.01085
   138/199     8.28G   0.02879   0.00635  0.002674   0.03782        11       640    0.6123    0.7092     0.667    0.5176   0.05533  0.005129   0.01017
   139/199     8.28G   0.03063  0.006449  0.002957   0.04004         5       640    0.5727    0.7907    0.6641    0.5196    0.0554  0.005149   0.01033
   140/199     8.28G     0.031  0.006642  0.002829   0.04047         7       640    0.5586    0.7254    0.6532    0.5108    0.0561  0.005152   0.01034
   141/199     8.28G   0.03131  0.006671  0.003536   0.04152         5       640    0.6192    0.7136    0.6723    0.5129   0.05711  0.005055   0.01047
   142/199     8.28G   0.02959   0.00626  0.003014   0.03886        14       640    0.6453    0.7412    0.6879    0.5265   0.05692  0.005011   0.01053
   143/199     8.28G   0.03291  0.006898  0.003724   0.04353        10       640    0.7062    0.7172    0.7068    0.5235   0.05622  0.005032   0.01067
   144/199     8.28G   0.02928  0.006448  0.003547   0.03927         7       640    0.6679    0.7354    0.6866    0.5222   0.05585  0.005015   0.01081
   145/199     8.28G   0.02805  0.006489  0.003149   0.03769        14       640    0.6383    0.7669    0.6847    0.5253    0.0562  0.005033    0.0106
   146/199     8.28G   0.03105  0.006577  0.003794   0.04142         9       640     0.642    0.6756    0.6901    0.5469     0.057  0.005042   0.01036
   147/199     8.28G   0.02945  0.006558  0.003646   0.03965         6       640    0.5945    0.7345    0.6688    0.5258   0.05829  0.005025   0.01028
   148/199     8.28G    0.0265  0.006565  0.003202   0.03626         9       640    0.5793    0.7439    0.6534    0.5243   0.05821  0.005005   0.01048
   149/199     8.28G   0.03221  0.006597  0.003185   0.04199         9       640    0.6561    0.6814    0.6756    0.5339   0.05757  0.004912   0.01021
   150/199     8.28G   0.02737  0.006696  0.003778   0.03785         8       640    0.5775    0.7589    0.6664    0.5259   0.05754  0.004908   0.01009
   151/199     8.28G   0.02469  0.006258  0.003246    0.0342         7       640     0.581    0.7616    0.6606    0.5189   0.05719  0.004885  0.009961
   152/199     8.28G     0.032  0.006683  0.002936   0.04162         5       640    0.6436    0.6987    0.6688    0.5194   0.05705  0.004857  0.009532
   153/199     8.28G   0.02968  0.006467  0.003158    0.0393         9       640    0.6796    0.6491    0.6721    0.5173    0.0575  0.004844  0.009621
   154/199     8.28G   0.02785  0.006096  0.003286   0.03724        10       640    0.5959    0.7183    0.6582    0.5158   0.05829  0.004799   0.01008
   155/199     8.28G   0.03047  0.006267  0.003041   0.03978         4       640    0.6135    0.7277    0.6691    0.5169   0.05801  0.004762   0.01002
   156/199     8.28G    0.0307  0.006472  0.002803   0.03998        11       640    0.6486    0.7184    0.6733    0.5325   0.05713  0.004796  0.009958
   157/199     8.28G    0.0258  0.006504  0.002941   0.03524         7       640    0.6123    0.7579    0.6786    0.5228   0.05626  0.004872   0.01003
   158/199     8.28G   0.02606   0.00656  0.002703   0.03532         7       640    0.5874    0.7833    0.6785    0.5331   0.05484  0.004925   0.01029
   159/199     8.28G   0.02755  0.006408  0.003687   0.03764         9       640    0.6073    0.7894    0.6833    0.5451   0.05437  0.005014   0.01055
   160/199     8.28G   0.02713  0.006135  0.002729   0.03599         5       640    0.6538    0.7396    0.6906    0.5582   0.05467  0.005009   0.01068
   161/199     8.28G    0.0271  0.006415  0.002197   0.03571         6       640     0.644    0.7916    0.6806    0.5442   0.05487  0.005012   0.01105
   162/199     8.28G    0.0264  0.006258  0.003053   0.03571         7       640     0.646    0.7528    0.6794    0.5399    0.0549  0.004999   0.01138
   163/199     8.28G   0.03018  0.006208  0.002707   0.03909         7       640     0.665    0.7526    0.6775      0.54    0.0551  0.005048   0.01154
   164/199     8.28G   0.02801   0.00632  0.002011   0.03634        10       640    0.6655    0.7717    0.6903    0.5357   0.05553  0.005102   0.01137
   165/199     8.28G   0.02547  0.005853  0.002851   0.03418        10       640     0.625    0.7988    0.6927    0.5271   0.05571  0.005089   0.01116
   166/199     8.28G    0.0264  0.006238  0.002622   0.03526         5       640    0.6652    0.7717    0.7028    0.5297   0.05552  0.005008   0.01118
   167/199     8.28G   0.02882  0.006397  0.003344   0.03856         8       640    0.6384    0.7897     0.704    0.5359   0.05537  0.004963   0.01119
   168/199     8.28G   0.02821  0.006089  0.002344   0.03665         7       640    0.6652    0.7809    0.7102    0.5448   0.05514  0.004897   0.01125
   169/199     8.28G   0.02792  0.006407   0.00245   0.03677         8       640    0.6756    0.7891    0.7089    0.5438   0.05509  0.004896   0.01119
   170/199     8.28G   0.02751  0.006227  0.002154   0.03589         8       640    0.6815    0.7707    0.7121    0.5506   0.05502  0.004901   0.01107
   171/199     8.28G   0.02613  0.006404  0.002755   0.03529         9       640    0.6759    0.7439    0.7279    0.5501   0.05564  0.004916   0.01101
   172/199     8.28G   0.02876  0.006364  0.002249   0.03737         4       640     0.643    0.7902    0.7234    0.5497   0.05628  0.004825   0.01091
   173/199     8.28G   0.02959   0.00604  0.001962   0.03759         7       640     0.633    0.7717    0.7044    0.5347   0.05685  0.004755   0.01076
   174/199     8.28G   0.02683  0.006567   0.00271   0.03611         3       640    0.6647    0.7613    0.6822    0.5109    0.0561  0.004817   0.01052
   175/199     8.28G   0.02657  0.006304  0.002504   0.03538         6       640       0.7    0.7401    0.6928    0.5164   0.05616  0.004911   0.01056
   176/199     8.28G   0.02639  0.006456  0.002399   0.03524         6       640    0.6773    0.7344    0.6995    0.5306   0.05576   0.00494   0.01069
   177/199     8.28G    0.0281  0.006121  0.002192   0.03642         4       640    0.6977    0.7505    0.7085    0.5331   0.05553  0.004923   0.01099
   178/199     8.28G   0.02918  0.006753  0.002519   0.03845         8       640    0.6483    0.7641    0.7165    0.5318   0.05525  0.004905   0.01118
   179/199     8.28G   0.02641  0.006163  0.002222    0.0348         9       640    0.6523     0.769    0.7211    0.5369   0.05534  0.004907   0.01106
   180/199     8.28G   0.02491  0.006402  0.002612   0.03392        10       640    0.6467    0.7717    0.7209    0.5388   0.05527  0.004894   0.01095
   181/199     8.28G   0.02594  0.006336  0.001782   0.03406         5       640    0.6383    0.7621    0.6994    0.5209   0.05525  0.004895   0.01091
   182/199     8.28G   0.02811  0.006336  0.003517   0.03796         9       640    0.7801    0.7034    0.6988     0.525   0.05507  0.004898   0.01084
   183/199     8.28G   0.02678  0.006368  0.002456    0.0356         7       640      0.61    0.8155    0.7009    0.5225   0.05492  0.004915   0.01068
   184/199     8.28G   0.02739  0.006261  0.002011   0.03566         9       640    0.6789    0.7923    0.7064    0.5309   0.05457  0.004924   0.01072
   185/199     8.28G    0.0276  0.006357  0.002343    0.0363         8       640    0.6875      0.75    0.6919    0.5241    0.0547  0.004934   0.01086
   186/199     8.28G   0.02691  0.006291  0.003759   0.03696        10       640    0.6732    0.7451    0.6953    0.5333   0.05467  0.004901   0.01106
   187/199     8.28G   0.02824  0.006424  0.002373   0.03703         7       640    0.7089    0.7698     0.705    0.5378     0.055  0.004893   0.01094
   188/199     8.28G   0.02791  0.006326  0.002476   0.03672         9       640    0.6881    0.7343    0.7104    0.5436   0.05526  0.004974   0.01099
   189/199     8.28G   0.02951  0.006507  0.002348   0.03837        12       640    0.6528    0.7616    0.6915    0.5388   0.05536  0.005009   0.01106
   190/199     8.28G   0.02771  0.006335  0.002532   0.03658         7       640    0.6488    0.7545    0.6907    0.5297   0.05525  0.005069   0.01159
   191/199     8.28G   0.02662  0.006452  0.002335   0.03541        15       640    0.6295    0.7818    0.6917     0.534   0.05511  0.005073   0.01168
   192/199     8.28G   0.02668  0.006772  0.002187   0.03564        10       640    0.6562    0.7502    0.7012    0.5469   0.05519  0.005037   0.01125
   193/199     8.28G   0.02955  0.006793  0.002918   0.03926        10       640      0.67    0.7374    0.6932      0.54    0.0552  0.005083   0.01097
   194/199     8.28G   0.02554  0.006288  0.002258   0.03408         7       640    0.6104    0.8201    0.6909    0.5338   0.05486  0.005107   0.01079
   195/199     8.28G   0.02613  0.006275  0.002088   0.03449         7       640    0.5935     0.818    0.6765    0.5141   0.05479  0.005141   0.01091
   196/199     8.28G   0.02949  0.006681  0.002627    0.0388         7       640     0.632    0.7859    0.6963    0.5192   0.05462  0.005171   0.01095
   197/199     8.28G   0.02523  0.006371   0.00231   0.03391         7       640    0.6615    0.7894    0.6945    0.5198   0.05449  0.005162   0.01094
   198/199     8.28G   0.02706  0.006481  0.002106   0.03564        10       640      0.67    0.7777    0.7148    0.5305   0.05444  0.005108   0.01103
   199/199     8.28G   0.02814    0.0063  0.002103   0.03654         6       640    0.6758     0.769    0.7218     0.547    0.0545  0.005072   0.01111
