      0/99     1.13G   0.05947    0.0135   0.02059   0.09355         5       640   0.01802    0.4554   0.02096  0.004158   0.08003   0.01205   0.01972
      1/99     6.96G   0.05587   0.01233   0.01908   0.08727         7       640   0.05473    0.2214   0.06874   0.02299   0.07512  0.009507   0.01801
      2/99     8.61G   0.04964   0.01108   0.01686   0.07758         7       640    0.3932    0.2519    0.1532   0.06692    0.0696  0.008514   0.01634
      3/99     8.61G   0.04484  0.009625   0.01485   0.06932         7       640    0.4109     0.306    0.1696   0.06138    0.0759   0.00718   0.01513
      4/99     8.61G    0.0488  0.008523   0.01395   0.07128         9       640    0.7185     0.353    0.2522    0.1224   0.06968  0.007055   0.01502
      5/99     8.61G   0.04974  0.008152   0.01374   0.07163         6       640    0.4495     0.438    0.2232    0.1192   0.06589  0.006026   0.01348
      6/99     8.61G   0.05074  0.007531   0.01185   0.07012         6       640    0.6369    0.4283    0.4034    0.1788   0.07646  0.005593   0.01282
      7/99     8.61G   0.05023  0.007561   0.01095   0.06874         6       640    0.4608    0.4439    0.2531    0.1173   0.08438  0.004721   0.01467
      8/99     8.61G   0.05308  0.006912   0.01115   0.07114         6       640    0.5147    0.5074    0.3504    0.2086   0.06864   0.00519   0.01285
      9/99     8.61G   0.05724  0.007079   0.01005   0.07437         9       640    0.5331    0.4254    0.3098    0.1435   0.06724  0.005292   0.01235
     10/99     8.61G   0.05704  0.006848   0.01133   0.07523         6       640    0.4936    0.5387    0.3752    0.2448   0.06959  0.004947  0.009963
     11/99     8.61G   0.04739  0.007653   0.01075   0.06579        10       640    0.4799    0.3413    0.2994    0.1771   0.07452  0.004889   0.01281
     12/99     8.61G    0.0494  0.007265  0.009783   0.06645         4       640    0.7979    0.4101    0.3262    0.2173   0.06757  0.005142   0.01151
     13/99     8.61G   0.04772  0.007242  0.009112   0.06408         9       640    0.4846    0.5461    0.3552    0.2417   0.05955  0.005305   0.00916
     14/99     8.61G   0.05298  0.007123   0.01062   0.07072         9       640    0.7934    0.3897    0.3515    0.2303   0.05428  0.006216  0.008718
     15/99     8.61G   0.04921   0.00761  0.009769   0.06659         6       640    0.6931     0.492     0.403    0.2695   0.05848  0.005597  0.009914
     16/99     8.61G   0.04484  0.007863  0.008999   0.06171         4       640     0.342    0.1708   0.08096   0.03228   0.06968   0.00581   0.01522
     17/99     8.61G   0.04385  0.007915  0.009719   0.06148         9       640    0.4308    0.2685    0.1932   0.09753   0.06815  0.006255    0.0112
     18/99     8.61G   0.04964   0.00754  0.009813     0.067         7       640    0.7776    0.3489    0.3138    0.1987   0.06796  0.006175   0.03528
     19/99     8.61G   0.04702  0.007456  0.008991   0.06347         8       640    0.7329    0.3919    0.2666    0.1354   0.06348   0.00544   0.02126
     20/99     8.61G   0.04798  0.006432    0.0083   0.06271         7       640    0.7655    0.3389     0.323    0.1941   0.06702  0.004613   0.01032
     21/99     8.61G    0.0423  0.006714  0.007194   0.05621         8       640     0.806    0.4161    0.4042    0.2668   0.05938  0.005005   0.01012
     22/99     8.61G    0.0511  0.006906  0.007724   0.06573        10       640    0.5584     0.638    0.4554     0.284   0.07047   0.00447   0.01098
     23/99     8.61G   0.04245   0.00632  0.008681   0.05745         5       640    0.7334    0.6126    0.6365    0.3833   0.07029  0.004887   0.00984
     24/99     8.61G   0.04819  0.006435  0.006479    0.0611         5       640    0.9228    0.4149    0.5126    0.3194   0.06087  0.004932  0.008741
     25/99     8.61G   0.04324  0.006814  0.007243    0.0573         6       640    0.9901    0.4029    0.4993    0.3787   0.06857  0.004479  0.008947
     26/99     8.61G   0.04114  0.007113  0.006102   0.05435        10       640     0.618    0.5449    0.5341    0.3621   0.06246  0.004785  0.009224
     27/99     8.61G   0.04655  0.006855  0.006548   0.05995         7       640    0.6169    0.4538    0.4497     0.289   0.05878  0.005014   0.01038
     28/99     8.61G   0.04209  0.006719  0.007066   0.05588         9       640    0.5692    0.5431    0.4232    0.3248   0.05669  0.004635  0.008645
     29/99     8.61G   0.04176  0.007002  0.005333   0.05409         9       640    0.5241    0.4152    0.3178    0.1911   0.05932  0.005092   0.01171
     30/99     8.61G   0.04529  0.006982  0.006149   0.05842         9       640    0.5519    0.5823     0.513    0.3837   0.05737  0.004248  0.009687
     31/99     8.61G   0.04623  0.007385  0.006133   0.05975        10       640    0.6849     0.628    0.5799    0.4401   0.05943  0.004254  0.009639
     32/99     8.61G   0.03947  0.006966   0.00526   0.05169        10       640    0.6332     0.625    0.6132    0.4194   0.06448  0.004333  0.007779
     33/99     8.61G   0.03861  0.007045  0.005684   0.05133         7       640    0.9813    0.4523    0.5831     0.439   0.05704  0.004421  0.007334
     34/99     8.61G   0.03607  0.006636  0.005658   0.04837        10       640     0.719    0.5502    0.5743    0.4382   0.05791  0.004601  0.007928
