      0/99     1.25G   0.05856   0.01353   0.02043   0.09252         5       640   0.02206    0.1988   0.01777  0.004651   0.08004   0.01188   0.01996
      1/99      6.4G   0.05375   0.01243   0.01947   0.08565         7       640   0.06527    0.1083    0.0717    0.0282   0.07559  0.009321   0.01707
      2/99     8.05G   0.05099   0.01121    0.0175    0.0797         7       640      0.43     0.263    0.1869   0.05053    0.0741   0.00861   0.01726
      3/99     8.05G   0.04716  0.009329    0.0157   0.07219         7       640    0.7341    0.2923    0.2525    0.1266   0.07219  0.007242   0.01663
      4/99     8.05G   0.05583  0.008365   0.01565   0.07984         9       640    0.3889    0.4036    0.1864   0.08877   0.06599  0.006506    0.0114
      5/99     8.05G   0.04974  0.008111   0.01348   0.07133         6       640   0.00344    0.4086  0.003079  0.001397    0.0684  0.008047   0.01301
      6/99     8.05G   0.05178  0.007586   0.01163     0.071         6       640    0.5034    0.3494    0.2255   0.09408     0.077  0.005315   0.01293
      7/99     8.05G   0.05294  0.007214   0.01095    0.0711         6       640    0.7157    0.4286    0.3091    0.1616   0.07635  0.004936   0.01132
      8/99     8.05G   0.05445  0.007107    0.0122   0.07376         6       640    0.7599    0.2585    0.2694   0.07886   0.06361  0.005903   0.01111
      9/99     8.05G    0.0509  0.007911   0.01117   0.06998         9       640    0.4784    0.3784    0.2906    0.1735   0.05842  0.005548   0.01059
     10/99     8.05G   0.05784  0.007811   0.01306   0.07871         6       640    0.4349     0.281    0.1534    0.0395   0.08391  0.005291   0.01269
     11/99     8.05G   0.05183   0.00817   0.01103   0.07103        10       640    0.6293    0.1238   0.08051   0.02176    0.0815  0.005476   0.01623
     12/99     8.05G   0.04881  0.008325    0.0104   0.06753         4       640     0.612    0.3079    0.1451   0.06039   0.06429  0.005795   0.01077
     13/99     8.05G   0.05097   0.00815    0.0096   0.06872         9       640     0.578    0.1202   0.08071   0.03757   0.07944  0.006274   0.01984
     14/99     8.05G   0.04733  0.008225   0.01074    0.0663         9       640    0.6565    0.1494    0.1425   0.03838   0.08534  0.006931   0.03957
     15/99     8.05G   0.04846  0.008248   0.01036   0.06707         6       640    0.4138    0.5714    0.3024    0.1623   0.06946  0.005085   0.02788
     16/99     8.05G   0.04758  0.008372  0.009643   0.06559         4       640    0.4914    0.4146    0.2736    0.1553   0.07391  0.006132   0.01854
     17/99     8.05G    0.0489  0.008655   0.01022   0.06778         9       640    0.7416     0.269    0.2571     0.156   0.05615  0.005814   0.02589
     18/99     8.05G   0.04899  0.007986  0.009202   0.06618         7       640    0.1487    0.4536    0.1358   0.04035   0.09254   0.02624    0.2506
     19/99     8.05G   0.04975  0.007757  0.009379   0.06689         8       640    0.3816    0.3799     0.116   0.03496   0.08068  0.007157   0.03266
     20/99     8.05G   0.05228  0.006811   0.01027   0.06937         7       640    0.6366    0.3071    0.2233    0.1077   0.07452  0.005844   0.01106
     21/99     8.05G   0.04545  0.007847  0.009937   0.06323         8       640    0.7258    0.3786    0.3064    0.2237   0.08146  0.004308   0.01488
     22/99     8.05G   0.05093  0.007626  0.009155   0.06771        10       640    0.4439    0.5679    0.2997    0.1571   0.07969  0.005285    0.0195
     23/99     8.05G   0.04356  0.006703   0.01009   0.06035         5       640    0.7099    0.4518    0.2976    0.1105   0.07162  0.005167   0.01077
     24/99     8.05G   0.04979  0.007011   0.01011   0.06692         5       640    0.5022    0.5808     0.389    0.1638   0.05754  0.006031  0.009381
     25/99     8.05G   0.04595  0.007742   0.00933   0.06302         6       640    0.7058    0.4346    0.2888    0.1472   0.05434  0.006072   0.01015
     26/99     8.05G   0.04677  0.007807  0.008491   0.06307        10       640    0.7137    0.3163    0.2486     0.124   0.05731  0.005805   0.01049
     27/99     8.05G   0.04883  0.007803  0.007843   0.06448         7       640    0.7176    0.4149     0.312    0.1953   0.05981  0.005261  0.009874
     28/99     8.05G   0.04509  0.007599  0.008951   0.06164         9       640    0.0588    0.3923   0.08017   0.03201   0.07775   0.02404    0.1692
     29/99     8.05G   0.04363  0.007636  0.007769   0.05903         9       640    0.7368     0.295    0.2533     0.171   0.07505  0.008194   0.07818
     30/99     8.05G   0.04207  0.007624  0.008317   0.05801         9       640    0.4666    0.4643    0.2845    0.1715   0.06295  0.007245   0.01843
     31/99     8.05G   0.04628  0.007888  0.007783   0.06195        10       640    0.5231    0.6399    0.3405    0.2146   0.06211  0.005464   0.01352
     32/99     8.05G   0.03926  0.007351  0.007253   0.05387        10       640    0.6207    0.5774    0.4089    0.2622   0.06311  0.004955  0.009382
     33/99     8.05G   0.04229  0.007483  0.007877   0.05765         7       640    0.6765    0.6086    0.4464    0.3038   0.05822  0.004982   0.00904
     34/99     8.05G   0.04145  0.007346  0.006559   0.05535        10       640    0.6754    0.6099    0.4468    0.3083   0.05874  0.004622  0.009494
     35/99     8.05G   0.03721  0.007194  0.007893    0.0523         7       640    0.3269     0.701     0.375    0.2475   0.05216  0.005479   0.00862
     36/99     8.05G   0.04646  0.007299  0.008946   0.06271         6       640    0.2689    0.6374    0.3707    0.2665   0.05699   0.00492   0.01578
     37/99     8.05G   0.04204  0.007432  0.006726   0.05619        10       640    0.7479    0.5193    0.3903    0.2702    0.0576  0.004704   0.01092
     38/99     8.05G   0.04664  0.007654  0.007592   0.06188        11       640    0.6039    0.5815    0.4241    0.2884   0.05659  0.004814   0.01085
     39/99     8.05G   0.03907  0.006994  0.006211   0.05228         5       640    0.7334    0.4957    0.4025    0.2636   0.06033  0.004573  0.009714
     40/99     8.05G   0.04371  0.007652  0.007741    0.0591        10       640    0.7391    0.4836    0.3337    0.2402   0.05635  0.005528  0.008591
     41/99     8.05G   0.04115  0.007452  0.007004   0.05561        10       640    0.6174    0.4717    0.3643     0.263   0.05499  0.005325  0.008834
     42/99     8.05G   0.04122  0.007671  0.006617   0.05551         6       640    0.5094    0.4836    0.3548    0.2543   0.05588  0.005409  0.008902
     43/99     8.05G    0.0419  0.007363  0.006252   0.05551         5       640     0.605    0.4717    0.3921    0.2687   0.05662  0.005518  0.008998
     44/99     8.05G   0.03826  0.007365  0.005361   0.05098        10       640    0.5566    0.6012     0.387    0.2725   0.05599  0.005053  0.009083
     45/99     8.05G   0.04338  0.007321  0.006103   0.05681         6       640    0.7493    0.4479    0.4084    0.2833   0.05651     0.005  0.009011
     46/99     8.05G   0.03813  0.006927  0.007357   0.05241         7       640    0.7299    0.4836    0.4671    0.3528    0.0535  0.005261   0.00903
     47/99     8.05G   0.03943  0.007355  0.006347   0.05313         8       640    0.7607    0.4836    0.4735     0.369   0.04994  0.005549  0.009493
     48/99     8.05G    0.0402  0.007534  0.008186   0.05592        10       640      0.59    0.5193    0.4179    0.2973   0.05064   0.00545  0.009645
     49/99     8.05G   0.03899   0.00756    0.0072   0.05375         4       640     0.573    0.5098    0.4069    0.2858   0.05167  0.005433  0.009832
     50/99     8.05G   0.04287  0.008047  0.005785   0.05671         9       640    0.3131    0.5286    0.3916    0.2794   0.05395  0.005451   0.00986
     51/99     8.05G   0.03563    0.0075  0.006475    0.0496         9       640     0.285    0.7126    0.4244    0.3069   0.05697  0.005123  0.009555
     52/99     8.05G   0.03836  0.007495  0.005851    0.0517        10       640    0.3449    0.6941    0.4469    0.3216   0.05871  0.004855  0.009523
     53/99     8.05G   0.03568  0.007584  0.005718   0.04898         5       640     0.349    0.7219    0.4771    0.2968   0.05965  0.005067  0.009815
     54/99     8.05G   0.03122  0.007412  0.005719   0.04435         6       640    0.3292    0.6999    0.4717      0.25   0.06043  0.005045   0.01057
     55/99     8.05G    0.0365  0.007461  0.007354   0.05131         7       640     0.322    0.6162    0.4587    0.3154   0.05721  0.005307   0.01082
     56/99     8.05G   0.03634  0.007004  0.006796   0.05014         5       640    0.4284    0.6061    0.5107    0.3694   0.05632  0.005266    0.0102
     57/99     8.05G   0.03662  0.007414  0.006848   0.05089         4       640    0.4227    0.6224    0.5362    0.3841   0.05672  0.005237    0.0108
     58/99     8.05G   0.03528  0.007741  0.005485    0.0485        14       640    0.6643    0.5506    0.5275    0.3914   0.05584  0.005337   0.01072
     59/99     8.05G   0.03442  0.007005  0.007657   0.04908         9       640     0.798    0.5387    0.5866    0.4426   0.05625  0.005217  0.009913
     60/99     8.05G   0.03434  0.007239  0.006209   0.04779        11       640     0.824    0.5506    0.5871    0.4332   0.05632   0.00516  0.009494
     61/99     8.05G   0.03517    0.0074    0.0056   0.04817         9       640     0.737    0.5814    0.6112    0.4497   0.05538  0.005295  0.009675
     62/99     8.05G   0.03664  0.007509  0.006728   0.05087        11       640    0.7882    0.5376    0.6197    0.4562    0.0544  0.005252  0.009675
     63/99     8.05G   0.03224   0.00751  0.005887   0.04564         9       640    0.7962    0.5459    0.6092    0.4708   0.05409  0.005198   0.01004
     64/99     8.05G   0.03771  0.007682  0.007062   0.05245         8       640    0.8519    0.5339    0.6062    0.4676   0.05382  0.005314   0.01007
     65/99     8.05G   0.03584  0.007372  0.005632   0.04884         7       640    0.7505    0.6333    0.6075    0.4349   0.05448  0.005401  0.009312
     66/99     8.05G   0.03682  0.007137  0.004445    0.0484         7       640    0.7144    0.6131    0.5621    0.4158   0.05392  0.005715  0.009559
     67/99     8.05G   0.03757  0.007063  0.005903   0.05054         7       640    0.7552    0.5648    0.5818    0.4467   0.05401   0.00578  0.009552
     68/99     8.05G    0.0382  0.007118  0.005481    0.0508         7       640    0.4712    0.6397    0.5684    0.4226   0.05347  0.005712  0.009775
     69/99     8.05G   0.03806  0.007112  0.005083   0.05026         5       640    0.5515    0.6248    0.5678     0.425   0.05233  0.005534    0.0101
     70/99     8.05G   0.04019  0.006992  0.006334   0.05351         6       640    0.7599    0.5758    0.5815    0.4471   0.05367  0.005189   0.01008
     71/99     8.05G   0.03679  0.007332  0.005157   0.04928         9       640    0.7946    0.5893    0.5905    0.4613   0.05454  0.005144    0.0101
     72/99     8.05G   0.03654  0.007254   0.00544   0.04923         8       640    0.7638    0.5893    0.5769    0.4555   0.05517  0.005119   0.01034
     73/99     8.05G   0.03803  0.007269  0.005033   0.05033         7       640    0.4108    0.6443    0.5604    0.4329   0.05523  0.005313  0.009977
     74/99     8.05G   0.03817  0.007381  0.005291   0.05084         7       640    0.4832    0.6528    0.5674    0.4181   0.05466  0.005461  0.009332
     75/99     8.05G   0.03599  0.007693  0.004694   0.04838         9       640    0.5322    0.6281    0.5824    0.4308   0.05374  0.005435  0.008999
     76/99     8.05G   0.03024  0.007301   0.00465   0.04219         3       640    0.5497    0.6501    0.5985     0.436   0.05373  0.005433  0.009052
     77/99     8.05G   0.03371  0.007276   0.00538   0.04636        10       640    0.5397    0.6716    0.5889    0.4278     0.054  0.005396  0.009213
     78/99     8.05G   0.03719  0.007179  0.004531    0.0489         7       640    0.6897    0.6012    0.5754    0.4358   0.05467  0.005195  0.009418
     79/99     8.05G   0.03359  0.007121  0.005419   0.04613         7       640    0.7649    0.5794    0.5812    0.4454   0.05396  0.005198  0.009592
     80/99     8.05G   0.03587  0.006981  0.006638   0.04949         8       640    0.7945    0.5816     0.581    0.4345   0.05455   0.00522   0.00952
     81/99     8.05G   0.03369  0.006838  0.005425   0.04595         9       640    0.7757    0.5506    0.5707    0.4248   0.05507  0.005197  0.009371
     82/99     8.05G   0.03366  0.007122  0.004761   0.04555         6       640    0.4901    0.7126    0.6247    0.4561   0.05597  0.005106  0.008939
     83/99     8.05G   0.03595  0.007098  0.004703   0.04776         7       640     0.517    0.7026    0.6318    0.4785   0.05521  0.005078  0.009051
     84/99     8.05G   0.03078  0.006953   0.00584   0.04357         7       640    0.5108    0.6941    0.6333    0.4737    0.0536  0.005072  0.009319
     85/99     8.05G   0.03157    0.0071  0.004752   0.04342         7       640    0.8693    0.5699    0.6303    0.4722   0.05365  0.005056  0.009667
     86/99     8.05G   0.03269   0.00706  0.004508   0.04426         7       640    0.8137    0.5699    0.5804     0.445   0.05434  0.005084   0.01009
     87/99     8.05G   0.03266   0.00739  0.005573   0.04563         8       640    0.5491    0.5699    0.5654    0.4296   0.05528  0.005099   0.01024
     88/99     8.05G   0.03604  0.007403   0.00667   0.05012        10       640    0.4767    0.6104    0.5606     0.419   0.05495  0.005135   0.01019
     89/99     8.05G   0.03222  0.006952  0.005969   0.04515         5       640    0.4863    0.6973    0.5714    0.4291   0.05419  0.005143   0.00927
     90/99     8.05G   0.03243  0.007095  0.005066   0.04459         9       640    0.6583    0.5695    0.6165    0.4526    0.0544  0.005072  0.008919
     91/99     8.05G    0.0334  0.007079  0.005241   0.04572         7       640    0.5594     0.688     0.625    0.4593   0.05398  0.005072  0.008914
     92/99     8.05G   0.03272  0.007376  0.005045   0.04514         8       640    0.9795     0.566    0.6387    0.4834   0.05333  0.005091  0.009023
     93/99     8.05G   0.03317  0.006934  0.004796    0.0449         5       640    0.9815    0.5618    0.6422    0.4893   0.05291  0.005092  0.009122
     94/99     8.05G   0.03186  0.007132  0.004595   0.04359         6       640    0.9824    0.5695    0.6452    0.4863   0.05331  0.005034  0.008873
     95/99     8.05G   0.03858  0.006978  0.005124   0.05068         3       640    0.9804    0.5699    0.6474     0.498   0.05386  0.004975  0.008879
     96/99     8.05G   0.03205  0.006849  0.005157   0.04405         7       640    0.8714    0.5692    0.6319    0.4788   0.05413  0.005044  0.009045
     97/99     8.05G   0.03321  0.007294  0.004908   0.04541         8       640     0.972    0.5699    0.6423     0.479   0.05462  0.005204  0.008984
     98/99     8.05G   0.03282  0.006905  0.005427   0.04515         6       640    0.8863    0.5699    0.6299    0.4797   0.05484  0.005186  0.008838
     99/99     8.05G   0.03559   0.00727  0.003693   0.04656        11       640    0.9059    0.5699    0.6229    0.4754    0.0552  0.005119  0.008765
